16              # Antall knutepunkt     
0 0 1			# [x, y, Innspenning]
0 12 0          
0 24 0
0 36 0
0 48 0
16 48 0
16 36 0
16 24 0
16 12 0
16 0 0
34 0 0
34 12 0
34 24 0
52 24 0
52 12 0
52 0 1
22                      #Antall element
1 2 210000000000 1		# [Lokal ende 1, Lokal ende 2, Elastisitetsmodul, orientering]
2 9 210000000000 2      
2 3 210000000000 1
3 8 210000000000 2
3 4 210000000000 1
4 7 210000000000 2
4 5 210000000000 1
5 6 210000000000 2
7 8 210000000000 1
8 13 210000000000 2
8 9 210000000000 1
9 12 210000000000 2
9 10 210000000000 1
11 12 210000000000 1
12 15 210000000000 2
12 13 210000000000 1
13 14 210000000000 2
7 13 210000000000 3
6 7 210000000000 1
6 14 210000000000 3
14 15 210000000000 1
15 16 210000000000 1
17			             # Antall laster
1 80000 4 0.6            #[type ,verdi , element, alfa/lokalt maksimum]
1 20000 9 0.5            # virker denne på element 7 eller 8? evt skal den være egen type?
1 58000 (7/8) 0         
2 7000 2 1
2 10000 6 1
2 7000 12 1
2 7000 15 1
2 6000 1 1
3 2750 1 2
2 6000  3 1
3 5500 3 2 
2 6000 5 1
3 8250 5 2
2 6000 7 1
3 11000 7 2
4 290000 7 2
4 290000 8 1
2                                              #Antall profiler
0 1.2 0.012 0.020 0.8 0.020 0.8                    #[geometrinr, h_steg/diameter, t_steg/rørtykkelse, t_topp, b_topp, t_bunn, b_bunn]
1 1.2 0.0010 
